date,pnl,cumpnl
2014-01-03,0.0162352774,0.0162352774
2014-01-10,0.0023741305,0.0186094079
2014-01-17,-0.0268449679,-0.0082355601
2014-01-24,-0.0016529697,-0.0098885297
2014-01-31,-0.0432741525,-0.0531626822
2014-02-07,-0.0008115697,-0.0539742519
2014-02-14,0.0357661427,-0.0182081091
2014-02-21,0.0158615656,-0.0023465435
2014-02-28,-0.0369676495,-0.039314193
2014-03-07,-0.0023797354,-0.0416939284
2014-03-14,-0.0102863873,-0.0519803156
2014-03-21,-0.0379660777,-0.0899463933
2014-03-28,0.0053327518,-0.0846136415
2014-04-04,-0.0078958446,-0.0925094861
2014-04-11,0.0110307798,-0.0814787063
2014-04-18,0.0051282731,-0.0763504333
2014-04-25,-0.0008884005,-0.0772388338
2014-05-02,-0.0343423357,-0.1115811695
2014-05-09,0.055391774,-0.0561893954
2014-05-16,0.0202411262,-0.0359482692
2014-05-23,0.0171740605,-0.0187742087
2014-05-30,0.0290857705,0.0103115618
2014-06-06,0.0171164549,0.0274280166
2014-06-13,0.0537297896,0.0811578062
2014-06-20,-0.021403929,0.0597538773
2014-06-27,0.0191189656,0.0788728429
2014-07-04,-0.0466042472,0.0322685957
2014-07-11,-0.0210911153,0.0111774804
2014-07-18,0.0002425073,0.0114199877
2014-07-25,0.0087534492,0.0201734369
2014-08-01,0.022873562,0.0430469989
2014-08-08,0.0075141795,0.0505611785
2014-08-15,0.0191407602,0.0697019387
2014-08-22,0.0193808176,0.0890827563
2014-08-29,-0.0130631416,0.0760196147
2014-09-05,-0.0007843457,0.075235269
2014-09-12,0.0161779042,0.0914131732
2014-09-19,-0.0142621859,0.0771509873
2014-09-26,-0.0040801279,0.0730708594
2014-10-03,-0.0230287359,0.0500421235
2014-10-10,0.0023387154,0.0523808389
2014-10-17,0.0337195823,0.0861004211
2014-10-24,0.0317019233,0.1178023444
2014-10-31,0.0162303961,0.1340327405
2014-11-07,0.0440369103,0.1780696508
2014-11-14,0.0137561135,0.1918257643
2014-11-21,0.0721310769,0.2639568412
2014-11-28,-0.0106520201,0.2533048211
2014-12-05,-0.0099718844,0.2433329367
2014-12-12,0.0515209274,0.2948538642
2014-12-19,-0.0239405039,0.2709133602
2014-12-26,-0.0135841781,0.2573291822
2015-01-02,0.0925991659,0.3499283481
2015-01-09,0.0091688508,0.359097199
2015-01-16,-0.0228241679,0.336273031
2015-01-23,-0.0080125715,0.3282604595
2015-01-30,-0.0232735825,0.3049868771
2015-02-06,0.0362273386,0.3412142157
2015-02-13,0.0367977819,0.3780119975
2015-02-20,0.0329094648,0.4109214623
2015-02-27,0.036715643,0.4476371053
2015-03-06,0.0463078154,0.4939449207
2015-03-13,0.0401476317,0.5340925525
2015-03-20,-0.0642722746,0.4698202779
2015-03-27,0.0113901367,0.4812104146
2015-04-03,0.0138363741,0.4950467887
2015-04-10,-0.0159601519,0.4790866369
2015-04-17,0.0147785935,0.4938652303
2015-04-24,-0.1064041288,0.3874611015
2015-05-01,0.0818305339,0.4692916354
2015-05-08,-0.0024248794,0.4668667561
2015-05-15,0.0339199547,0.5007867107
2015-05-22,0.016093662,0.5168803727
2015-05-29,-0.0052273332,0.5116530395
2015-06-05,-0.05302919,0.4586238495
2015-06-12,0.0170993081,0.4757231577
2015-06-19,-0.0048883367,0.470834821
2015-06-26,-0.0054826986,0.4653521224
2015-07-03,-0.0011188455,0.464233277
2015-07-10,0.1118930562,0.5761263331
2015-07-17,-0.0564425541,0.519683779
2015-07-24,0.0500721091,0.5697558881
2015-07-31,-0.0447249163,0.5250309717
2015-08-07,-0.0483396883,0.4766912834
2015-08-14,-0.0536911711,0.4230001124
2015-08-21,0.0375626882,0.4605628005
2015-08-28,-0.0218575905,0.43870521
2015-09-04,0.0456646284,0.4843698385
2015-09-11,0.0216912508,0.5060610893
2015-09-18,-0.066974682,0.4390864073
2015-09-25,-0.0207834028,0.4183030045
2015-10-02,-0.0012164645,0.4170865399
2015-10-09,0.0238764884,0.4409630283
2015-10-16,-0.0400429303,0.400920098
2015-10-23,-0.0115160414,0.3894040566
2015-10-30,-0.0251567999,0.3642472567
2015-11-06,-0.0274250913,0.3368221654
2015-11-13,0.0727533413,0.4095755068
2015-11-20,0.045450081,0.4550255878
2015-11-27,-0.0126473598,0.442378228
2015-12-04,-0.0576688452,0.3847093828
2015-12-11,0.0034500193,0.3881594021
2015-12-18,0.0133071695,0.4014665716
2015-12-25,-0.0001415411,0.4013250305
2016-01-01,-0.1024974172,0.2988276133
2016-01-08,-0.0515651707,0.2472624426
2016-01-15,0.0153453261,0.2626077687
2016-01-22,0.0213004957,0.2839082644
2016-01-29,-0.1089699216,0.1749383428
2016-02-05,-0.0765168532,0.0984214896
2016-02-12,0.0798371993,0.1782586889
2016-02-19,0.0097479171,0.188006606
2016-02-26,0.0068314319,0.1948380379
2016-03-04,0.0052535463,0.2000915842
2016-03-11,0.01905393,0.2191455142
2016-03-18,-0.0119745484,0.2071709657
2016-03-25,0.0196654818,0.2268364476
2016-04-01,-0.0004274683,0.2264089793
2016-04-08,-0.0245362176,0.2018727617
2016-04-15,-0.0467919892,0.1550807725
2016-04-22,-0.0224250947,0.1326556778
2016-04-29,-0.0438852478,0.08877043
2016-05-06,0.006713285,0.095483715
2016-05-13,-0.0105293711,0.0849543439
2016-05-20,0.0097763495,0.0947306933
2016-05-27,0.0051476614,0.0998783547
2016-06-03,0.0071983155,0.1070766702
2016-06-10,-0.0002725232,0.1068041471
2016-06-17,-0.0051834451,0.101620702
2016-06-24,0.0402262959,0.1418469979
2016-07-01,0.0140132165,0.1558602143
2016-07-08,-0.0047140956,0.1511461187
2016-07-15,-0.0726116966,0.0785344221
2016-07-22,-0.000938185,0.0775962371
2016-07-29,0.002847892,0.0804441291
2016-08-05,-0.0382115845,0.0422325447
2016-08-12,0.0048817506,0.0471142953
2016-08-19,-0.0435572308,0.0035570645
2016-08-26,0.0014076331,0.0049646976
2016-09-02,-0.016764761,-0.0118000634
2016-09-09,0.061939667,0.0501396035
2016-09-16,0.0382341795,0.0883737831
2016-09-23,-0.0445893441,0.043784439
2016-09-30,0.0067150344,0.0504994734
2016-10-07,-0.0423708661,0.0081286073
2016-10-14,0.0224824189,0.0306110262
2016-10-21,0.0186734468,0.0492844729
2016-10-28,-0.0005835156,0.0487009573
2016-11-04,0.0775091321,0.1262100894
2016-11-11,0.0239361175,0.1501462069
2016-11-18,0.015228756,0.165374963
2016-11-25,-0.0323354533,0.1330395097
2016-12-02,0.0133183713,0.146357881
2016-12-09,-0.0004076321,0.1459502488
2016-12-16,-0.0060975365,0.1398527123
2016-12-23,-0.0035331402,0.1363195722
2016-12-30,0.0044014774,0.1407210496
